[parameters]
  num_particles = 2
[constants]
  c0   = 2.99792458e8   # m/s
  hbar = 6.58211928e-16 # eV*s
