[parameters]
  num_particles = 2
  simulation_time = 10e3 # s
[constants]
  c0   = 2.99792458e8    # m/s
  hbar = 6.58211928e-16  # eV*s
