[parameters]
  num_particles = 2 
  total_time = 1e-10
  timestep = 1e-15
  interpolation_order = 5
[constants]
  c0   = 2.99792458e8 # m/s
  hbar = 6.62607004e-34 # m^2 kg/s
  e0  = 8.85418782e-12 #s^4/m^3 A^2/kg
  laser_frequency = 6.283185307e9 #rad/s = 1GHz
